0.484
0.321
0.650
0.419
0.445
0.408
0.552
0.560
0.393
0.423
0.368
0.644
0.559
0.591
0.398
0.707
0.541
0.304
0.407
0.685
0.502
0.661
0.557
0.251
0.372
0.531
0.410
0.534
0.575
0.513
0.482
0.498
0.477
0.642
0.471
0.465
0.746
0.550
0.578
0.448
0.491
0.530
0.379
0.448
0.445
0.657
0.274
0.143
0.400
0.653
0.351
0.476
0.366
0.460
0.243
0.588
0.520
0.409
0.512
0.413
0.603
0.470
0.575
0.718
0.611
0.546
0.665
0.511
0.441
0.374
0.691
0.633
0.421
0.448
0.673
0.596
0.591
0.449
0.389
0.414
0.500
0.538
0.627
0.624
0.428
0.528
0.521
0.622
0.612
0.567
0.541
0.445
0.574
0.492
0.667
0.612
0.600
0.505
0.502
0.369
0.548
0.725
0.673
0.468
0.569
0.727
0.745
0.519
0.428
0.822
0.379
0.503
0.368
0.308
0.485
0.452
0.461
0.392
0.192
0.393
0.224
0.302
0.522
0.605
0.653
0.609
0.388
0.253
0.539
0.548
0.435
0.530
0.606
0.554
0.661
0.511
0.617
0.833
0.447
0.564
0.364
0.731
0.709
0.521
0.637
0.528
0.547
0.471
0.415
0.582
0.529
0.414
0.572
0.507
0.612
0.574
0.440
0.390
0.346
0.410
0.460
0.541
0.406
0.708
0.532
0.503
0.866
0.415
0.512
0.563
0.487
0.664
0.726
0.769
0.439
0.549
0.593
0.723
0.741
0.511
0.450
0.478
0.533
0.482
0.395
0.212
0.376
0.635
0.572
0.671
0.739
0.559
0.624
0.658
0.608
0.500
0.581
0.754
0.361
0.491
0.550
0.547
0.625
0.507
0.665
0.604
0.537
0.441
0.473
0.564
0.439
0.591
0.415
0.676
0.383
0.500
0.579
0.532
0.548
0.564
0.496
0.452
0.554
0.473
0.519
0.615
0.606
0.556
0.444
0.517
0.508
0.407
0.623
0.513
0.703
0.344
0.379
0.284
0.489
0.672
0.533
0.464
0.549
0.506
0.609
0.584
0.555
0.351
0.679
0.649
0.594
0.659
0.478
0.592
0.671
0.483
0.214
0.514
0.564
0.610
0.502
0.458
0.345
0.667
0.520
0.324
0.367
0.506
0.255
0.621
0.533
0.438
0.432
0.551
0.365
0.489
0.355
0.409
0.462
0.326
0.499
0.249
0.699
0.616
0.444
0.536
0.423
0.559
0.470
0.571
0.672
0.490
0.651
0.428
0.418
0.357
0.551
0.628
0.692
0.262
0.271
0.486
0.559
0.692
0.507
0.648
0.375
0.575
0.695
0.578
0.410
0.648
0.559
0.628
0.429
0.601
0.561
0.497
0.507
0.570
0.485
0.534
0.443
0.549
0.568
0.695
0.521
0.444
0.861
0.627
0.486
0.571
0.542
0.582
0.429
0.565
0.661
0.270
0.409
0.520
0.324
0.748
0.638
0.698
0.457
0.730
0.191
0.528
0.408
0.604
0.484
0.658
0.393
0.513
0.447
0.598
0.426
0.651
0.378
0.516
0.663
0.457
0.470
0.460
0.478
0.670
0.430
0.403
0.631
0.496
0.266
0.662
0.517
0.548
0.435
0.252
0.547
0.583
0.341
0.594
0.694
0.783
0.346
0.460
0.379
0.417
0.401
0.680
0.452
0.712
0.556
0.596
0.836
0.397
0.485
0.422
0.827
0.813
0.573
0.561
0.641
0.573
0.393
0.645
0.591
0.546
0.632
0.595
0.493
0.526
0.571
0.635
0.401
0.320
0.693
0.407
0.603
0.362
0.774
0.594
0.438
0.606
0.584
0.547
0.490
0.693
0.639
0.613
0.493
0.715
0.666
0.565
0.514
0.868
0.351
0.516
0.704
0.854
0.545
0.698
0.685
0.603
0.632
0.537
0.337
0.421
0.439
0.652
0.672
0.227
0.466
0.488
0.725
0.581
0.593
0.587
0.403
0.298
0.378
0.444
0.524
0.575
0.513
0.631
0.677
0.560
0.770
0.573
0.381
0.789
0.152
0.689
0.422
0.697
0.653
0.413
0.749
0.564
0.544
0.532
0.455
0.535
0.455
0.291
0.696
0.672
0.607
0.469
0.758
0.594
0.410
0.489
0.452
0.622
0.639
0.897
0.559
0.622
0.515
0.459
0.475
0.336
0.623
0.605
0.553
0.577
0.512
0.896
0.426
0.900
0.464
0.428
0.601
0.314
0.646
0.216
0.768
0.711
0.480
0.569
0.616
0.598
0.553
0.706
0.705
0.612
0.730
0.183
0.298
0.442
0.616
0.479
0.349
0.402
0.445
0.538
0.542
0.493
0.755
0.504
0.548
0.323
0.764
0.591
0.409
0.341
0.558
0.486
0.590
0.558
0.679
0.521
0.615
0.357
0.715
0.499
0.462
0.433
0.593
0.581
0.501
0.602
0.404
0.461
0.403
0.363
0.500
0.400
0.548
0.279
0.447
0.560
0.456
0.715
0.236
0.538
0.395
0.484
0.450
0.508
0.548
0.584
0.338
0.638
0.661
0.629
0.534
0.604
0.442
0.496
0.701
0.370
0.578
0.364
0.725
0.498
0.549
0.761
0.349
0.385
0.564
0.375
0.612
0.473
0.409
0.423
0.472
0.369
0.515
0.536
0.418
0.515
0.549
0.522
0.859
0.664
0.476
0.456
0.387
0.560
0.723
0.461
0.564
0.547
0.408
0.695
0.475
0.737
0.478
0.652
0.472
0.476
0.424
0.631
0.758
0.313
0.532
0.571
0.676
0.320
0.535
0.480
0.536
0.667
0.747
0.792
0.512
0.365
0.588
0.202
0.364
0.691
0.577
0.481
0.620
0.498
0.539
0.526
0.354
0.280
0.805
0.480
0.413
0.634
0.455
0.695
0.632
0.588
0.304
0.511
0.278
0.470
0.456
0.638
0.447
0.612
0.427
0.400
0.458
0.634
0.762
0.339
0.592
0.457
0.374
0.421
0.433
0.581
0.445
0.643
0.508
0.587
0.682
0.500
0.627
0.451
0.576
0.568
0.465
0.464
0.414
0.520
0.371
0.405
0.397
0.358
0.305
0.561
0.557
0.583
0.543
0.448
0.542
0.661
0.408
0.643
0.617
0.605
0.655
0.463
0.419
0.495
0.473
0.734
0.542
0.678
0.629
0.642
0.245
0.446
0.618
0.704
0.523
0.644
0.495
0.375
0.428
0.554
0.409
0.405
0.401
0.406
0.498
0.497
0.824
0.705
0.345
0.438
0.462
0.383
0.674
0.496
0.595
0.224
0.735
0.419
0.651
0.647
0.613
0.453
0.714
0.756
0.513
0.459
0.456
0.456
0.564
0.558
0.408
0.561
0.645
0.606
0.580
0.333
0.915
0.313
0.412
0.287
0.701
0.732
0.607
0.833
0.472
0.374
0.543
0.489
0.391
0.764
0.528
0.489
0.636
0.662
0.705
0.686
0.577
0.663
0.424
0.573
0.592
0.466
0.591
0.646
0.614
0.575
0.567
0.488
0.698
0.395
0.414
0.739
0.670
0.394
0.410
0.591
0.434
0.502
0.352
0.506
0.314
0.794
0.742
0.668
0.537
0.491
0.717
0.346
0.580
0.454
0.416
0.582
0.458
0.478
0.571
0.555
0.561
0.602
0.577
0.496
0.628
0.164
0.521
0.466
0.609
0.314
0.483
0.587
0.506
0.508
0.443
0.457
0.337
0.640
0.450
0.637
0.391
0.376
0.460
0.404
0.681
0.463
0.454
0.655
0.680
0.284
0.614
0.604
0.401
0.504
0.723
0.456
0.416
0.671
0.497
0.431
0.588
0.420
0.675
0.311
0.562
0.421
0.263
0.397
0.551
0.412
0.316
0.639
0.465
0.560
0.455
0.480
0.532
0.631
0.381
0.771
0.388
0.507
0.484
0.655
0.611
0.379
0.464
0.693
0.559
0.427
0.635
0.764
0.685
0.415
0.583
0.436
0.333
0.687
0.676
0.441
0.454
0.439
0.566
0.600
0.350
0.570
0.494
0.301
0.527
0.847
0.426
0.727
0.531
0.322
0.761
0.449
0.497
0.634
0.626
0.567
0.663
0.448
0.419
0.740
0.455
0.659
0.659
0.425
0.290
0.576
0.553
0.523
0.500
0.430
0.764
0.383
0.379
0.619
0.620
0.616
0.522
0.371
0.489
0.518
0.410
0.629
0.367
0.593
0.670
0.497
0.508
0.238
0.199
0.325
0.361
0.544
0.462
0.512
0.601
0.574
0.422
0.344
0.608
0.431
0.766
0.454
0.541
0.497
0.587
0.629
0.628
0.246
0.650
0.729
0.342
0.748
0.510
0.464
0.495
0.768
0.427
0.642
0.325
0.562
0.515
0.607
0.464
0.683
0.594
0.390
0.480
0.412
0.713
0.305
0.748
0.385
0.217
0.519
0.326
0.536
0.708
0.477
0.435
0.485
0.469
0.394
0.728
0.602
0.678
0.904
0.389
0.507
0.591
0.301
0.430
0.534
0.598
0.489
0.625
0.260
0.621
0.335
0.624
0.586
0.429
0.512
0.248
0.639
0.563
0.426
0.446
0.509
0.626
0.243
0.263
0.499
0.584
0.514
0.715
0.442
0.683
0.597
0.446
0.570
0.349
0.674
0.451
0.474
0.580
0.418
0.498
0.557
0.693
0.252
0.552
0.798
0.536
0.502
0.380
0.697
0.569
0.650
0.524
0.584
0.502
0.682
0.528
0.831
0.188
0.222
0.522
0.414
0.616
0.424
0.538
0.442
0.700
0.401
0.170
0.633
0.575
0.701
0.403
0.545
0.372
0.543
0.656
0.492
0.388
0.551
0.563
0.405
0.657
0.249
0.366
0.466
0.490
0.536
0.663
0.395
0.817
0.414
0.204
0.550
0.514
0.651
0.507
0.366
0.359
0.552
0.630
0.630
0.316
0.437
0.530
0.485
0.541
0.661
0.384
0.452
0.256
0.624
0.457
0.708
0.869
0.549
0.731
0.566
0.498
0.817
0.492
0.493
0.360
0.529
0.701
0.398
0.509
0.624
0.536
0.694
0.457
0.709
0.658
0.794
0.634
0.592
0.866
0.612
0.881
0.407
0.461
0.654
0.570
0.415
0.596
0.491
0.576
0.343
0.503
0.453
0.693
0.602
0.657
0.377
0.727
0.503
0.517
0.132
0.308
0.744
0.792
0.577
0.577
0.456
0.389
0.673
0.536
0.558
0.461
0.256
0.553
0.476
0.703
0.441
0.630
0.674
0.650
0.527
0.422
0.609
0.423
0.333
0.222
0.520
0.633
0.637
0.321
0.768
0.400
0.592
0.857
0.457
0.379
0.648
0.704
0.347
0.623
0.698
0.617
0.449
0.359
0.543
0.467
0.536
0.344
0.506
0.572
0.711
0.505
0.375
0.482
0.553
0.501
0.362
0.373
0.570
0.326
0.703
0.378
0.266
0.412
0.608
0.548
0.504
0.648
0.431
0.541
0.451
0.334
0.590
0.766
0.510
0.234
0.700
0.561
0.244
0.580
0.437
0.652
0.547
0.357
0.570
0.533
0.455
0.654
0.384
0.705
0.516
0.794
0.357
0.626
0.454
0.536
0.641
0.581
0.462
0.724
0.520
0.586
0.411
0.047
0.640
0.449
0.524
0.395
0.534
0.393
0.594
0.369
0.782
0.443
0.686
0.627
0.564
0.559
0.510
0.671
0.412
0.660
0.544
0.676
0.501
0.651
0.339
0.604
0.594
0.805
0.582
0.397
0.460
0.519
0.682
0.434
0.334
0.456
0.550
0.609
0.511
0.590
0.470
0.302
0.665
0.432
0.548
0.466
0.612
0.667
0.386
0.637
0.597
0.500
0.439
0.451
0.476
0.506
0.425
0.947
0.557
0.756
0.521
0.497
0.481
0.465
0.460
0.786
0.698
0.849
0.473
0.460
0.206
0.581
0.201
0.430
0.410
0.547
0.304
0.812
0.676
0.674
0.604
0.409
0.412
0.423
0.688
0.686
0.544
0.509
0.574
0.484
0.461
0.787
0.448
0.265
0.349
0.249
0.431
0.671
0.616
0.576
0.780
0.634
0.696
0.567
0.794
0.542
0.417
0.589
0.450
0.525
0.430
0.684
0.650
0.842
0.492
0.621
0.490
0.590
0.583
0.609
0.326
0.378
0.512
0.535
0.575
0.322
0.384
0.546
0.461
0.492
0.174
0.390
0.645
0.591
0.931
0.434
0.495
0.388
0.521
0.329
0.796
0.472
0.440
0.592
0.559
0.505
0.494
0.383
0.448
0.619
0.498
0.343
0.443
0.361
0.645
0.923
0.750
0.619
0.664
0.345
0.625
0.321
0.254
0.354
0.458
0.702
0.583
0.423
0.401
0.520
0.780
0.402
0.336
0.613
0.476
0.721
0.546
0.389
0.567
0.499
0.460
0.709
0.526
0.614
0.557
0.376
0.421
0.446
0.357
0.242
0.577
0.543
0.563
0.571
0.337
0.336
0.657
0.124
0.632
0.533
0.211
0.514
0.608
0.394
0.362
0.355
0.743
0.345
0.260
0.431
0.576
0.524
0.615
0.623
0.376
0.738
0.436
0.530
0.743
0.433
0.413
0.756
0.700
0.423
0.672
0.811
0.646
0.604
0.370
0.411
0.457
0.648
0.547
0.510
0.591
0.620
0.664
0.754
0.714
0.497
0.337
0.640
0.473
0.512
0.503
0.362
0.661
0.417
0.466
0.493
0.650
0.485
0.385
0.276
0.722
0.566
0.348
0.242
0.567
0.511
0.487
0.626
0.130
0.432
0.508
0.467
0.708
0.475
0.548
0.545
0.491
0.543
0.380
0.680
0.578
0.434
0.545
0.687
0.423
0.656
0.529
0.598
0.455
0.375
0.518
0.448
0.518
0.328
0.405
0.505
0.277
0.481
0.651
0.522
0.580
0.407
0.412
0.390
0.380
0.706
0.488
0.618
0.696
0.394
0.636
0.588
0.499
0.612
0.840
0.591
0.700
0.461
0.164
0.254
0.706
0.694
0.326
0.329
0.547
0.581
0.423
0.296
0.565
0.691
0.488
0.475
0.625
0.639
0.437
0.619
0.745
0.647
0.492
0.375
0.497
0.616
0.428
0.513
0.294
0.468
0.663
0.301
0.551
0.372
0.372
0.553
0.600
0.331
0.723
0.623
0.341
0.485
0.568
0.371
0.614
0.775
0.427
0.809
0.517
0.511
0.754
0.576
0.807
0.502
0.565
0.522
0.460
0.650
0.801
0.479
0.427
0.452
0.470
0.545
0.473
0.579
0.708
0.289
0.633
0.749
0.539
0.570
0.433
0.471
0.564
0.539
0.635
0.831
0.497
0.526
0.408
0.614
0.669
0.583
0.512
0.255
0.564
0.834
0.645
0.509
0.547
0.649
0.680
0.650
0.511
0.519
0.492
0.650
0.658
0.417
0.526
0.277
0.307
0.209
0.387
0.405
0.326
0.442
0.585
0.382
0.242
0.813
0.533
0.476
0.785
0.548
0.385
0.312
0.761
0.538
0.912
0.704
0.226
0.620
0.541
0.470
0.393
0.573
0.660
0.490
0.609
0.385
0.467
0.543
0.620
0.487
0.414
0.542
0.483
0.566
0.761
0.474
0.499
0.794
0.747
0.401
0.347
0.315
0.422
0.618
0.601
0.684
0.595
0.629
0.609
0.597
0.436
0.599
0.449
0.556
0.581
0.586
0.600
0.639
0.665
0.630
0.373
0.491
0.665
0.609
0.328
0.691
0.602
0.444
0.691
0.655
0.420
0.567
0.440
0.498
0.748
0.550
0.702
0.596
0.424
0.399
0.657
0.579
0.505
0.595
0.660
0.771
0.542
0.791
0.288
0.411
0.482
0.554
0.731
0.399
0.445
0.448
0.560
0.639
0.603
0.423
0.538
0.445
0.445
0.510
0.563
0.492
0.475
0.759
0.394
0.337
0.678
0.656
0.588
0.171
0.406
0.633
0.555
0.743
0.432
0.514
0.578
0.510
0.654
0.533
0.428
0.196
0.353
0.562
0.468
0.394
0.411
0.493
0.527
0.449
0.321
0.280
0.689
0.422
0.298
0.545
0.639
0.518
0.317
0.635
0.637
0.339
0.572
0.524
0.490
0.548
0.368
0.599
0.252
0.260
0.498
0.482
0.439
0.476
0.641
0.800
0.492
0.270
0.815
0.464
0.505
0.535
0.445
0.438
0.493
0.616
0.331
0.363
0.418
0.437
0.811
0.445
0.409
0.629
0.536
0.397
0.449
0.498
0.425
0.558
0.627
0.723
0.169
0.682
0.603
0.307
0.349
0.435
0.384
0.365
0.524
0.606
0.332
0.540
0.448
0.542
0.340
0.529
0.571
0.386
0.638
0.686
0.530
0.314
0.524
0.794
0.666
0.653
0.722
0.461
0.542
0.672
0.479
0.515
0.443
0.548
0.466
0.484
0.469
0.245
0.401
0.500
0.502
0.700
0.606
0.426
0.743
0.287
0.649
0.529
0.412
0.505
0.427
0.387
0.562
0.577
0.410
0.529
0.642
0.615
0.413
0.666
0.569
0.648
0.725
0.625
0.444
0.380
0.403
0.643
0.638
0.607
0.750
0.769
0.702
0.388
0.512
0.569
0.464
0.542
0.444
0.609
0.505
0.501
0.557
0.581
0.560
0.459
0.416
0.422
0.398
0.494
0.674
0.517
0.171
0.547
0.525
0.346
0.683
0.301
0.554
0.479
0.532
0.316
0.280
0.954
0.690
0.511
0.607
0.475
0.641
0.465
0.564
0.640
0.904
0.415
0.369
0.686
0.524
0.326
0.529
0.539
0.433
0.679
0.804
0.491
0.352
0.622
0.576
0.506
0.744
0.280
0.476
0.410
0.530
0.492
0.539
0.798
0.586
0.577
0.730
0.327
0.449
0.225
0.483
0.347
0.512
0.483
0.723
0.441
0.454
0.569
0.590
0.410
0.528
0.468
0.481
0.567
0.574
0.471
0.692
0.536
0.480
0.476
0.753
0.523
0.387
0.666
0.522
0.751
0.715
0.222
0.544
0.552
0.790
0.584
0.561
0.811
0.418
0.338
0.358
0.473
0.554
0.582
0.474
0.770
0.803
0.558
0.485
0.290
0.515
0.681
0.409
0.546
0.477
0.678
0.549
0.461
0.406
0.366
0.425
0.857
0.545
0.622
0.577
0.622
0.741
0.527
0.530
0.760
0.638
0.697
0.815
0.701
0.527
0.508
0.557
0.500
0.547
0.572
0.384
0.481
0.646
0.610
0.658
0.439
0.575
0.556
0.132
0.597
0.651
0.430
0.383
0.662
0.509
0.531
0.545
0.509
0.665
0.574
0.580
0.439
0.564
0.629
0.617
0.509
0.542
0.499
0.689
0.420
0.448
0.956
0.273
0.230
0.384
0.562
0.720
0.740
0.414
0.622
0.731
0.695
0.639
0.485
0.659
0.530
0.541
0.646
0.416
0.386
0.344
0.654
0.388
0.566
0.482
0.591
0.545
0.585
0.595
0.532
0.772
0.432
0.344
0.471
0.468
0.538
0.390
0.644
0.558
0.625
0.544
0.578
0.662
0.678
0.559
0.639
0.350
0.412
0.625
0.623
0.739
0.361
0.363
0.480
0.529
0.480
0.549
0.162
0.712
0.435
0.497
0.522
0.625
0.679
0.548
0.841
0.429
0.437
0.570
0.287
0.537
0.457
0.444
0.572
0.499
0.406
0.403
0.562
0.669
0.503
0.641
0.562
0.461
0.601
0.612
0.670
0.424
0.490
0.694
0.678
0.290
0.552
0.408
0.403
0.453
0.490
0.643
0.271
0.501
0.580
0.726
0.434
0.791
0.571
0.535
0.450
0.552
0.617
0.374
0.542
0.454
0.480
0.385
0.728
0.503
0.456
0.434
0.566
0.532
0.665
0.378
0.603
0.598
0.489
0.507
0.450
0.568
0.672
0.266
0.593
0.585
0.456
0.684
0.433
0.459
0.486
0.513
0.663
0.538
0.388
0.293
0.649
0.547
0.677
0.621
0.620
0.384
0.507
0.616
0.524
0.393
0.687
0.401
0.418
0.413
0.458
0.480
0.540
0.486
0.519
0.801
0.503
0.556
0.454
0.343
0.627
0.835
0.384
0.435
0.542
0.603
0.718
0.591
0.762
0.430
0.484
0.343
0.760
0.521
0.471
0.659
0.708
0.326
0.499
0.440
0.560
0.764
0.635
0.571
0.696
0.509
0.582
0.429
0.849
0.672
0.499
0.637
0.435
0.436
0.592
0.590
0.550
0.356
0.220
0.637
0.932
0.628
0.666
0.669
0.602
0.399
0.742
0.813
0.469
0.494
0.132
0.600
0.569
0.496
0.510
0.443
0.333
0.488
0.686
0.342
0.543
0.458
0.344
0.765
0.495
0.528
0.555
0.723
0.501
0.723
0.443
0.294
0.571
0.359
0.607
0.504
0.507
0.500
0.456
0.754
0.409
0.431
0.255
0.697
0.600
0.491
0.550
0.494
0.557
0.587
0.504
0.759
0.617
0.339
0.580
0.672
0.576
0.593
0.382
0.422
0.328
0.575
0.363
0.658
0.292
0.652
0.478
0.590
0.472
0.699
0.459
0.676
0.707
0.402
0.679
0.593
0.604
0.502
0.720
0.547
0.689
0.787
0.155
0.516
0.543
0.574
0.507
0.711
0.580
0.664
0.465
0.598
0.661
0.587
0.531
0.536
0.713
0.873
0.174
0.612
0.415
0.468
0.527
0.448
0.756
0.695
0.670
0.533
0.357
0.284
0.278
0.411
0.266
0.510
0.497
0.570
0.662
0.573
0.332
0.576
0.546
0.540
0.855
0.518
0.491
0.604
0.451
0.597
0.507
0.452
0.207
0.637
0.533
0.873
0.776
0.522
0.481
0.181
0.335
0.458
0.449
0.347
0.426
0.644
0.391
0.625
0.594
0.401
0.224
0.774
0.532
0.700
0.459
0.337
0.413
0.587
0.853
0.486
0.528
0.760
0.624
0.571
0.611
0.477
0.291
0.269
0.678
0.508
0.313
0.616
0.485
0.761
0.445
0.611
0.748
0.609
0.565
0.621
0.672
0.585
0.194
0.342
0.576
0.302
0.551
0.691
0.673
0.465
0.630
0.519
0.353
0.603
0.495
0.649
0.367
0.666
0.637
0.310
0.495
0.524
0.519
0.773
0.433
0.679
0.189
0.440
0.451
0.583
0.404
0.547
0.541
0.182
0.505
0.681
0.438
0.469
0.650
0.501
0.456
0.506
0.563
0.475
0.424
0.499
0.643
0.413
0.635
0.481
0.617
0.575
0.609
0.624
0.350
0.171
0.553
0.512
0.596
0.444
0.568
0.385
0.572
0.430
0.481
0.526
0.579
0.486
0.612
0.549
0.431
0.572
0.597
0.705
0.437
0.542
0.589
0.529
0.580
0.412
0.651
0.460
0.707
0.364
0.383
0.564
0.394
0.204
0.554
0.613
0.676
0.400
0.586
0.690
0.697
0.407
0.503
0.357
0.500
0.311
0.371
0.462
0.534
0.593
0.717
0.632
0.622
0.792
0.704
0.477
0.430
0.652
0.715
0.402
0.547
0.519
0.443
0.512
0.186
0.553
0.428
0.515
0.404
0.375
0.589
0.561
0.500
0.488
0.310
0.463
0.425
0.804
0.595
0.493
0.383
0.662
0.516
0.264
0.333
0.437
0.436
0.525
0.489
0.604
0.725
0.564
0.613
0.585
0.406
0.495
0.488
0.418
0.563
0.416
0.531
0.470
0.637
0.432
0.633
0.600
0.426
0.425
0.542
0.343
0.722
0.727
0.467
0.370
0.393
0.364
0.786
0.457
0.643
0.539
0.337
0.203
0.505
0.461
0.487
0.344
0.718
0.574
0.546
0.435
0.382
0.549
0.467
0.515
0.563
0.720
0.519
0.679
0.531
0.564
0.564
0.482
0.475
0.202
0.467
0.440
0.324
0.462
0.402
0.773
0.553
0.557
0.562
0.572
0.683
0.469
0.607
0.586
0.538
0.644
0.604
0.646
0.474
0.363
0.446
0.620
0.559
0.634
0.486
0.586
0.577
0.787
0.425
0.593
0.514
0.509
0.512
0.488
0.550
0.435
0.678
0.529
0.411
0.671
0.677
0.452
0.503
0.463
0.410
0.558
0.512
0.600
0.465
0.514
0.543
0.371
0.460
0.419
0.522
0.477
0.612
0.604
0.715
0.400
0.604
0.578
0.465
0.387
0.393
0.532
0.529
0.376
0.492
0.502
0.481
0.622
0.331
0.734
0.692
0.409
0.682
0.317
0.610
0.610
0.618
0.450
0.679
0.413
0.481
0.664
0.457
0.734
0.607
0.303
0.145
0.643
0.427
0.522
0.596
0.721
0.532
0.511
0.410
0.527
0.454
0.319
0.542
0.368
0.553
0.532
0.463
0.632
0.324
0.595
0.489
0.782
0.554
0.604
0.524
0.443
0.319
0.517
0.442
0.558
0.339
0.434
0.396
0.522
0.484
0.528
0.680
0.645
0.337
0.601
0.599
0.585
0.690
0.629
0.672
0.624
0.544
0.690
0.517
0.866
0.319
0.263
0.370
0.515
0.693
0.397
0.472
0.682
0.383
0.558
0.447
0.587
0.499
0.464
0.361
0.718
0.642
0.768
0.479
0.634
0.797
0.643
0.284
0.704
0.618
0.512
0.345
0.456
0.528
0.774
0.564
0.637
0.459
0.766
0.449
0.706
0.557
0.540
0.389
0.571
0.516
0.811
0.526
0.451
0.649
0.245
0.628
0.571
0.602
0.286
0.539
0.652
0.626
0.494
0.549
0.504
0.559
0.646
0.588
0.600
0.667
0.409
0.624
0.377
0.533
0.666
0.611
0.304
0.374
0.510
0.638
0.401
0.514
0.461
0.623
0.487
0.414
0.607
0.658
0.738
0.502
0.660
0.386
0.467
0.678
0.580
0.505
0.336
0.415
0.489
0.338
0.549
0.699
0.315
0.649
0.466
0.576
0.645
0.492
0.616
0.542
0.331
0.581
0.590
0.501
0.544
0.539
0.264
0.769
0.612
0.635
0.225
0.762
0.698
0.587
0.375
0.624
0.497
0.650
0.436
0.585
0.485
0.557
0.775
0.353
0.663
0.595
0.553
0.584
0.502
0.557
0.586
0.408
0.241
0.495
0.603
0.520
0.592
0.533
0.716
0.573
0.624
0.723
0.533
0.447
0.502
0.415
0.503
0.610
0.729
0.321
0.608
0.635
0.324
0.327
0.564
0.842
0.557
0.871
0.678
0.623
0.238
0.465
0.716
0.446
0.430
0.731
0.704
0.387
0.649
0.709
0.539
0.478
0.514
0.578
0.392
0.321
0.181
0.607
0.576
0.682
0.614
0.363
0.657
0.263
0.387
0.613
0.616
0.633
0.350
0.320
0.832
0.537
0.538
0.382
0.529
0.567
0.321
0.265
0.586
0.521
0.527
0.186
0.707
0.657
0.429
0.798
0.630
0.565
0.643
0.492
0.379
0.473
0.510
0.536
0.632
0.731
0.476
0.543
0.593
0.609
0.538
0.537
0.374
0.362
0.494
0.570
0.423
0.445
0.500
0.798
0.450
0.561
0.480
0.553
0.381
0.468
0.586
0.732
0.468
0.584
0.337
0.602
0.621
0.495
0.465
0.473
0.747
0.525
0.635
0.350
0.487
0.580
0.508
0.685
0.540
0.507
0.675
0.647
0.452
0.466
0.716
0.788
0.421
0.673
0.707
0.597
0.424
0.395
0.661
0.522
0.620
0.544
0.284
0.339
0.464
0.417
0.472
0.640
0.547
0.416
0.565
0.821
0.242
0.501
0.400
0.273
0.627
0.769
0.550
0.492
0.525
0.458
0.363
0.553
0.389
0.135
0.424
0.681
0.593
0.295
0.464
0.474
0.406
0.320
0.365
0.462
0.733
0.620
0.544
0.625
0.450
0.402
0.639
0.586
0.594
0.594
0.497
0.613
0.657
0.762
0.488
0.509
0.582
0.589
0.489
0.581
0.151
0.444
0.733
0.495
0.552
0.807
0.548
0.677
0.682
0.825
0.493
0.453
0.370
0.621
0.659
0.388
0.295
0.340
0.667
0.617
0.841
0.442
0.838
0.507
0.603
0.599
0.612
0.512
0.625
0.404
0.459
0.533
0.479
0.589
0.537
0.609
0.581
0.355
0.526
0.604
0.585
0.483
0.492
0.423
0.530
0.555
0.604
0.702
0.386
0.738
0.353
0.617
0.534
0.325
0.652
0.604
0.716
0.558
0.522
0.652
0.514
0.408
0.735
0.461
0.350
0.632
0.631
0.548
0.620
0.535
0.797
0.502
0.480
0.432
0.483
0.498
0.354
0.574
0.597
0.457
0.683
0.555
0.412
0.611
0.445
0.647
0.442
0.328
0.660
0.536
0.604
0.529
0.480
0.462
0.787
0.349
0.611
0.483
0.794
0.611
0.414
0.386
0.444
0.686
0.481
0.618
0.481
0.470
0.715
0.622
0.497
0.292
0.894
0.753
0.244
0.512
0.682
0.667
0.341
0.312
0.445
0.645
0.330
0.549
0.485
0.438
0.694
0.289
0.588
0.471
0.455
0.499
0.559
0.725
0.471
0.244
0.624
0.520
0.517
0.515
0.537
0.643
0.569
0.619
0.600
0.725
0.491
0.499
0.553
0.783
0.410
0.536
0.556
0.615
0.608
0.635
0.367
0.442
0.414
0.406
0.518
0.647
0.337
0.455
0.466
0.555
0.484
0.436
0.722
0.716
0.640
0.520
0.556
0.721
0.501
0.778
0.538
0.441
0.626
0.621
0.468
0.339
0.463
0.655
0.558
0.748
0.611
0.428
0.611
0.741
0.455
0.530
0.521
0.808
0.422
0.885
0.410
0.425
0.578
0.508
0.461
0.449
0.401
0.697
0.506
0.641
0.563
0.344
0.481
0.306
0.458
0.570
0.358
0.833
0.509
0.582
0.430
0.588
0.814
0.287
0.606
0.442
0.294
0.365
0.566
0.629
0.631
0.632
0.279
0.561
0.374
0.280
0.415
0.644
0.588
0.471
0.430
0.324
0.502
0.745
0.205
0.632
0.496
0.608
0.371
0.331
0.480
0.652
0.683
0.683
0.596
0.738
0.499
0.676
0.665
0.498
0.514
0.746
0.531
0.418
0.603
0.555
0.734
0.486
0.635
0.280
0.501
0.510
0.665
0.601
0.384
0.210
0.654
0.614
0.422
0.523
0.546
0.526
0.619
0.415
0.406
0.361
0.629
0.406
0.554
0.693
0.532
0.629
0.471
0.530
0.551
0.409
0.466
0.621
0.517
0.609
0.602
0.683
0.573
0.429
0.478
0.563
0.556
0.377
0.526
0.418
0.426
0.591
0.377
0.651
0.439
0.451
0.501
0.448
0.836
0.524
0.601
0.466
0.651
0.745
0.538
0.361
0.598
0.351
0.626
0.542
0.424
0.734
0.372
0.491
0.505
0.411
0.628
0.428
0.552
0.522
0.498
0.369
0.534
0.505
0.480
0.624
0.669
0.561
0.536
0.588
0.455
0.825
0.392
0.537
0.584
0.667
0.548
0.573
0.398
0.486
0.673
0.613
0.579
0.666
0.531
0.431
0.565
0.554
0.754
0.583
0.674
0.564
0.603
0.423
0.719
0.600
0.629
0.598
0.697
0.613
0.676
0.484
0.291
0.624
0.392
0.502
0.559
0.542
0.498
0.421
0.416
0.550
0.654
0.829
0.605
0.634
0.557
0.524
0.552
0.444
0.598
0.599
0.608
0.716
0.401
0.702
0.475
0.462
0.649
0.492
0.572
0.521
0.587
0.415
0.475
0.571
0.613
0.395
0.570
0.537
0.643
0.476
0.627
0.455
0.630
0.440
0.553
0.415
0.162
0.630
0.388
0.478
0.494
0.542
0.643
0.434
0.525
0.345
0.511
0.260
0.527
0.380
0.395
0.480
0.473
0.717
0.405
0.530
0.591
0.436
0.441
0.498
0.465
0.526
0.286
0.357
0.416
0.498
0.691
0.600
0.315
0.390
0.545
0.491
0.602
0.570
0.480
0.391
0.563
0.566
0.520
0.532
0.397
0.635
0.628
0.556
0.480
0.556
0.504
0.586
0.274
0.605
0.437
0.599
0.311
0.513
0.723
0.344
0.490
0.697
0.479
0.542
0.553
0.419
0.740
0.526
0.589
0.557
0.667
0.708
0.564
0.427
0.503
0.501
0.559
0.334
0.808
0.480
0.487
0.370
0.498
0.406
0.389
0.502
0.578
0.503
0.432
0.551
0.550
0.665
0.455
0.604
0.785
0.727
0.408
0.689
0.661
0.575
0.559
0.481
0.477
0.614
0.533
0.742
0.690
0.264
0.747
0.408
0.822
0.588
0.557
0.698
0.455
0.596
0.656
0.666
0.416
0.518
0.680
0.504
0.274
0.538
0.556
0.713
0.536
0.524
0.575
0.431
0.408
0.369
0.571
0.557
0.672
0.358
0.379
0.451
0.605
0.499
0.579
0.544
0.621
0.541
0.588
0.428
0.393
0.650
0.466
0.636
0.468
0.626
0.292
0.770
0.455
0.439
0.580
0.712
0.625
0.474
0.634
0.429
0.481
0.539
0.556
0.531
0.738
0.611
0.483
0.439
0.672
0.372
0.579
0.488
0.665
0.626
0.262
0.276
0.360
0.415
0.276
0.101
0.707
0.636
0.443
0.618
0.511
0.598
0.598
0.662
0.652
0.475
0.378
0.511
0.587
0.570
0.808
0.720
0.354
0.641
0.509
0.588
0.555
0.474
0.531
0.437
0.696
0.500
0.446
0.622
0.600
0.556
0.543
0.158
0.332
0.712
0.293
0.560
0.459
0.566
0.320
0.548
0.539
0.623
0.476
0.550
0.506
0.643
0.749
0.537
0.566
0.596
0.658
0.598
0.268
0.375
0.630
0.559
0.594
0.614
0.513
0.836
0.799
0.599
0.426
0.623
0.462
0.216
0.434
0.462
0.696
0.506
0.107
0.523
0.646
0.231
0.485
0.296
0.721
0.455
0.558
0.641
0.463
0.620
0.696
0.885
0.553
0.526
0.535
0.727
0.760
0.494
0.477
0.507
0.466
0.329
0.625
0.573
0.480
0.677
0.644
0.678
0.597
0.685
0.670
0.571
0.742
0.533
0.549
0.239
0.498
0.867
0.498
0.463
0.626
0.704
0.553
0.428
0.362
0.545
0.348
0.633
0.736
0.403
0.273
0.684
0.625
0.540
0.719
0.705
0.308
0.448
0.668
0.528
0.638
0.598
0.547
0.430
0.529
0.358
0.496
0.553
0.612
0.446
0.626
0.511
0.358
0.395
0.554
0.609
0.474
0.596
0.485
0.534
0.295
0.193
0.266
0.388
0.654
0.546
0.643
0.654
0.269
0.613
0.238
0.525
0.417
0.712
0.428
0.473
0.496
0.495
0.692
0.444
0.724
0.504
0.421
0.593
0.432
0.337
0.490
0.603
0.681
0.279
0.556
0.847
0.563
0.641
0.566
0.500
0.654
0.553
0.595
0.650
0.282
0.317
0.372
0.524
0.383
0.489
0.461
0.533
0.512
0.401
0.413
0.457
0.242
0.652
0.499
0.705
0.544
0.490
0.177
0.312
0.603
0.673
0.687
0.451
0.403
0.663
0.484
0.462
0.506
0.569
0.645
0.527
0.566
0.459
0.428
0.685
0.664
0.333
0.669
0.384
0.662
0.564
0.370
0.433
0.565
0.449
0.553
0.439
0.577
0.595
0.505
0.418
0.545
0.538
0.549
0.703
0.681
0.309
0.446
0.743
0.404
0.404
0.318
0.566
0.519
0.496
0.393
0.481
0.455
0.348
0.427
0.625
0.473
0.624
0.541
0.470
0.491
0.638
0.536
0.744
0.424
0.495
0.785
0.620
0.358
0.761
0.726
0.593
0.551
0.499
0.666
0.385
0.293
0.697
0.429
0.487
0.432
0.395
0.646
0.539
0.183
0.414
0.589
0.332
0.640
0.445
0.557
0.644
0.503
0.457
0.634
0.609
0.402
0.691
0.535
0.581
0.559
0.421
0.460
0.601
0.502
0.442
0.587
0.615
0.571
0.540
0.671
0.420
0.430
0.762
0.419
0.643
0.479
0.326
0.286
0.515
0.625
0.500
0.573
0.492
0.523
0.373
0.796
0.759
0.505
0.565
0.803
0.409
0.675
0.456
0.426
0.504
0.619
0.469
0.517
0.677
0.737
0.601
0.734
0.574
0.531
0.499
0.263
0.708
0.598
0.595
0.452
0.525
0.591
0.252
0.649
0.518
0.666
0.786
0.418
0.369
0.518
0.661
0.355
0.810
0.679
0.643
0.561
0.309
0.603
0.498
0.625
0.375
0.697
0.463
0.371
0.516
0.484
0.541
0.566
0.281
0.626
0.543
0.444
0.390
0.517
0.594
0.717
0.512
0.370
0.394
0.803
0.353
0.518
0.252
0.366
0.817
0.532
0.691
0.567
0.698
0.365
0.511
0.517
0.651
0.736
0.179
0.632
0.869
0.586
0.614
0.568
0.507
0.598
0.556
0.560
0.540
0.710
0.366
0.433
0.621
0.393
0.399
0.696
0.733
0.559
0.752
0.507
0.645
0.558
0.629
0.471
0.651
0.386
0.555
0.320
0.375
0.331
0.443
0.616
0.405
0.552
0.593
0.565
0.496
0.748
0.462
0.544
0.444
0.554
0.438
0.499
0.603
0.451
0.485
0.428
0.471
0.766
0.410
0.213
0.326
0.525
0.647
0.405
0.420
0.527
0.668
0.742
0.581
0.418
0.460
0.518
0.444
0.619
0.394
0.664
0.481
0.630
0.419
0.480
0.460
0.732
0.515
0.541
0.596
0.564
0.352
0.235
0.514
0.351
0.415
0.422
0.837
0.381
0.416
0.423
0.550
0.546
0.681
0.595
0.769
0.679
0.649
0.533
0.311
0.588
0.506
0.620
0.527
0.483
0.428
0.445
0.440
0.700
0.504
0.435
0.582
0.454
0.583
0.551
0.675
0.457
0.401
0.698
0.613
0.422
0.520
0.485
0.450
0.370
0.661
0.602
0.565
0.731
0.255
0.541
0.556
0.563
0.412
0.410
0.337
0.691
0.375
0.429
0.270
0.446
0.638
0.639
0.498
0.499
0.554
0.530
0.569
0.317
0.741
0.494
0.491
0.520
0.722
0.540
0.669
0.495
0.381
0.379
0.269
0.672
0.545
0.599
0.597
0.605
0.702
0.262
0.402
0.554
0.481
0.456
0.556
0.519
0.315
0.495
0.345
0.261
0.249
0.681
0.270
0.447
0.381
0.562
0.546
0.223
0.466
0.558
0.481
0.542
0.677
0.466
0.631
0.521
0.496
0.261
0.566
0.464
0.536
0.506
0.500
0.651
0.574
0.517
0.470
0.364
0.640
0.580
0.524
0.507
0.463
0.526
0.393
0.511
0.665
0.557
0.282
0.409
0.457
0.414
0.527
0.494
0.752
0.507
0.620
0.532
0.689
0.741
0.540
0.536
0.232
0.631
0.424
0.224
0.417
0.325
0.370
0.440
0.588
0.440
0.460
0.575
0.430
0.735
0.604
0.526
0.594
0.641
0.761
0.393
0.384
0.271
0.849
0.368
0.553
0.542
0.627
0.592
0.537
0.565
0.808
0.346
0.509
0.624
0.753
0.693
0.573
0.371
0.472
0.392
0.455
0.691
0.295
0.460
0.512
0.572
0.789
0.489
0.736
0.437
0.282
0.477
0.562
0.632
0.565
0.603
0.737
0.502
0.647
0.831
0.528
0.547
0.505
0.797
0.416
0.484
0.464
0.803
0.378
0.323
0.364
0.632
0.510
0.458
0.583
0.411
0.476
0.326
0.590
0.489
0.801
0.581
0.682
0.575
0.432
0.340
0.560
0.646
0.721
0.686
0.515
0.279
0.597
0.801
0.615
0.653
0.462
0.691
0.438
0.415
0.414
0.710
0.303
0.520
0.434
0.569
0.618
0.580
0.544
0.640
0.424
0.625
0.260
0.671
0.449
0.669
0.630
0.497
0.589
0.435
0.444
0.601
0.629
0.564
0.628
0.536
0.644
0.659
0.391
0.588
0.395
0.552
0.451
0.637
0.447
0.508
0.513
0.600
0.670
0.410
0.338
0.319
0.398
0.689
0.558
0.741
0.687
0.367
0.532
0.644
0.522
0.471
0.506
0.180
0.542
0.637
0.512
0.522
0.293
0.525
0.410
0.845
0.484
0.493
0.511
0.278
0.623
0.468
0.479
0.645
0.411
0.568
0.720
0.514
0.236
0.782
0.475
0.551
0.570
0.535
0.322
0.639
0.709
0.392
0.581
0.777
0.596
0.406
0.591
0.501
0.485
0.448
0.438
0.434
0.438
0.518
0.549
0.396
0.737
0.388
0.621
0.554
0.509
0.562
0.404
0.368
0.573
0.754
0.408
0.571
0.586
0.495
0.999
0.470
0.507
0.522
0.284
0.464
0.437
0.420
0.785
0.557
0.760
0.362
0.418
0.612
0.548
0.737
0.543
0.629
0.533
0.521
0.436
0.541
0.083
0.355
0.432
0.660
0.338
0.500
0.627
0.385
0.450
0.364
0.629
0.706
0.453
0.378
0.424
0.739
0.442
0.392
0.665
0.462
0.197
0.378
0.697
0.397
0.538
0.512
0.354
0.429
0.558
0.537
0.591
0.341
0.659
0.653
0.589
0.403
0.563
0.459
0.567
0.408
0.353
0.441
0.314
0.424
0.647
0.431
0.527
0.498
0.621
0.482
0.438
0.335
0.266
0.590
0.601
0.204
0.538
0.521
0.681
0.558
0.550
0.440
0.340
0.464
0.508
0.663
0.489
0.740
0.464
0.682
0.575
0.571
0.369
0.581
0.507
0.686
0.613
0.240
0.571
0.448
0.546
0.356
0.450
0.562
0.455
0.599
0.443
0.403
0.419
0.501
0.498
0.471
0.690
0.641
0.567
0.445
0.431
0.750
0.459
0.585
0.687
0.349
0.602
0.605
0.591
0.805
0.673
0.651
0.677
0.552
0.612
0.489
0.529
0.469
0.963
0.674
0.769
0.602
0.472
0.566
0.618
0.525
0.368
0.436
0.369
0.396
0.563
0.717
0.743
0.635
0.678
0.658
0.302
0.617
0.732
0.518
0.620
0.593
0.455
0.541
0.379
0.351
0.837
0.416
0.451
0.551
0.557
0.563
0.625
0.603
0.510
0.846
0.667
0.619
0.495
0.644
0.632
0.391
0.613
0.513
0.611
0.716
0.475
0.710
0.365
0.289
0.285
0.354
0.666
0.613
0.646
0.527
0.368
0.492
0.814
0.547
0.394
0.666
0.582
0.738
0.546
0.403
0.532
0.648
0.569
0.321
0.520
0.469
0.353
0.543
0.350
0.545
0.342
0.555
0.401
0.599
0.478
0.330
0.400
0.545
0.598
0.286
0.591
0.535
0.422
0.443
0.343
0.603
0.476
0.655
0.476
0.664
0.542
0.517
0.423
0.498
0.509
0.556
0.318
0.710
0.728
0.561
0.591
0.588
0.429
0.591
0.688
0.583
0.402
0.571
0.571
0.373
0.522
0.606
0.323
0.609
0.575
0.393
0.431
0.450
0.561
0.383
0.371
0.433
0.623
0.529
0.554
0.674
0.374
0.612
0.446
0.746
0.744
0.567
0.390
0.378
0.691
0.496
0.539
0.528
0.541
0.593
0.611
0.490
0.538
0.539
0.589
0.145
0.468
0.446
0.361
0.318
0.456
0.374
0.451
0.552
0.561
0.252
0.698
0.357
0.467
0.652
0.568
0.530
0.520
0.417
0.518
0.621
0.284
0.578
0.315
0.327
0.522
0.578
0.726
0.530
0.325
0.492
0.232
0.729
0.356
0.345
0.518
0.468
0.436
0.432
0.618
0.475
0.346
0.686
0.396
0.575
0.620
0.524
0.417
0.674
0.410
0.557
0.401
0.840
0.485
0.595
0.378
0.663
0.539
0.610
0.462
0.544
0.382
0.534
0.469
0.643
0.505
0.522
0.415
0.647
0.604
0.376
0.261
0.763
0.654
0.809
0.636
0.545
0.585
0.496
0.648
0.554
0.581
0.606
0.432
0.601
0.488
0.594
0.445
0.711
0.452
0.278
0.500
0.459
0.462
0.615
0.725
0.577
0.387
0.613
0.469
0.494
0.713
0.445
0.576
0.558
0.626
0.615
0.652
0.696
0.455
0.454
0.452
0.737
0.629
0.385
0.556
0.385
0.536
0.480
0.566
0.374
0.667
0.204
0.694
0.496
0.609
0.663
0.560
0.706
0.517
0.612
0.591
0.496
0.568
0.493
0.571
0.449
0.791
0.635
0.608
0.650
0.459
0.602
0.645
0.496
0.350
0.585
0.320
0.720
0.584
0.380
0.253
0.641
0.341
0.325
0.411
0.567
0.639
0.361
0.388
0.226
0.536
0.312
0.523
0.338
0.622
0.831
0.448
0.671
0.599
0.554
0.541
0.681
0.378
0.480
0.417
0.392
0.733
0.468
0.503
0.716
0.474
0.559
0.625
0.782
0.642
0.621
0.361
0.673
0.348
0.423
0.627
0.579
0.521
0.463
0.699
0.400
0.000
0.560
0.279
0.559
0.557
0.372
0.661
0.364
0.540
0.521
0.367
0.477
0.461
0.538
0.661
0.728
0.699
0.449
0.803
0.607
0.683
0.497
0.702
0.572
0.504
0.437
0.569
0.447
0.455
0.613
0.631
0.627
0.454
0.679
0.316
0.494
0.453
0.463
0.368
0.559
0.584
0.490
0.793
0.652
0.549
0.181
0.561
0.456
0.677
0.434
0.295
0.331
0.481
0.737
0.341
0.475
0.577
0.563
0.428
0.440
0.460
0.877
0.644
0.503
0.765
0.207
0.351
0.566
0.243
0.540
0.593
0.643
0.535
0.530
0.529
0.856
0.424
0.423
0.595
0.610
0.487
0.413
0.481
0.721
0.444
0.503
0.515
0.706
0.399
0.285
0.465
0.357
0.635
0.551
0.498
0.611
0.373
0.329
0.688
0.660
0.107
0.608
0.412
0.463
0.347
0.458
0.679
0.620
0.423
0.564
0.267
0.742
0.567
0.394
0.492
0.486
0.597
0.325
0.533
0.386
0.391
0.498
0.775
0.686
0.377
0.583
0.524
0.442
0.555
0.417
0.581
0.377
0.294
0.335
0.647
0.740
0.536
0.486
0.494
0.344
0.507
0.689
0.617
0.407
0.741
0.620
0.537
0.522
0.529
0.563
0.611
0.494
0.520
0.191
0.673
0.465
0.490
0.420
0.543
0.332
0.512
0.494
0.294
0.811
0.394
0.367
0.408
0.475
0.442
0.612
0.435
0.552
0.396
0.331
0.501
0.465
0.352
0.594
0.352
0.404
0.516
0.343
0.430
0.513
0.505
0.619
0.529
0.468
0.689
0.424
0.498
0.556
0.446
0.445
0.588
0.673
0.520
0.422
0.378
0.324
0.672
0.850
0.483
0.479
0.506
0.240
0.801
0.722
0.468
0.495
0.612
0.698
0.528
0.582
0.631
0.485
0.586
0.645
0.540
0.367
0.428
0.304
0.531
0.423
0.460
0.482
0.589
0.568
0.698
0.472
0.871
0.611
0.544
0.599
0.474
0.553
0.304
0.586
0.455
0.516
0.603
0.524
0.259
0.623
0.587
0.283
0.443
0.565
0.456
0.462
0.471
0.630
0.430
0.410
0.470
0.253
0.486
0.641
0.615
0.419
0.306
0.391
0.591
0.427
0.540
0.370
0.501
0.661
0.419
0.424
0.477
0.728
0.376
0.553
0.485
0.620
0.513
0.591
0.531
0.236
0.633
0.501
0.669
0.695
0.774
0.131
0.512
0.485
0.584
0.590
0.636
0.421
0.514
0.395
0.546
0.465
0.604
0.538
0.568
0.537
0.699
0.700
0.474
0.617
0.445
0.392
0.497
0.595
0.430
0.448
0.642
0.453
0.559
0.659
0.568
0.640
0.591
0.548
0.467
0.584
0.451
0.640
0.544
0.488
0.355
0.669
0.427
0.542
0.627
0.534
0.678
0.567
0.540
0.463
0.502
0.531
0.393
0.119
0.728
0.353
0.870
0.157
0.404
0.399
0.742
0.421
0.448
0.616
0.466
0.290
0.495
0.525
0.628
0.451
0.588
0.689
0.572
0.669
0.814
0.169
0.569
0.689
0.355
0.712
0.560
0.458
0.387
0.386
0.493
0.543
0.683
0.707
0.340
0.404
0.626
0.322
0.373
0.631
0.729
0.506
0.561
0.518
0.724
0.557
0.649
0.473
0.379
0.594
0.532
0.480
0.388
0.490
0.447
0.197
0.244
0.386
0.421
0.591
0.610
0.590
0.511
0.498
0.390
0.727
0.734
0.851
0.552
0.839
0.478
0.362
0.690
0.494
0.583
0.412
0.366
0.474
0.263
0.421
0.561
0.320
0.491
0.426
0.375
0.659
0.529
0.480
0.120
0.625
0.596
0.594
0.689
0.529
0.615
0.439
0.822
0.509
0.451
0.646
0.604
0.901
0.438
0.584
0.377
0.466
0.482
0.605
0.440
0.413
0.662
0.419
0.426
0.593
0.598
0.512
0.530
0.600
0.330
0.556
0.318
0.594
0.640
0.608
0.685
0.588
0.334
0.563
0.477
0.385
0.488
0.556
0.448
0.453
0.439
0.575
0.726
0.462
0.411
0.492
0.653
0.687
0.473
0.620
0.592
0.587
0.706
0.465
0.819
0.300
0.554
0.793
0.546
0.607
0.704
0.475
0.289
0.368
0.326
0.573
0.502
0.338
0.520
0.625
0.557
0.487
0.544
0.714
0.517
0.560
0.321
0.519
0.570
0.379
0.427
0.634
0.167
0.475
0.567
0.547
0.675
0.488
0.597
0.361
0.353
0.541
0.532
0.731
0.552
0.519
0.676
0.483
0.462
0.006
0.511
0.648
0.404
0.380
0.337
0.521
0.344
0.355
0.487
0.433
0.661
0.474
0.637
0.645
0.509
0.584
0.594
0.560
0.386
0.674
0.600
0.499
0.542
0.510
0.393
0.568
0.434
0.651
0.620
0.593
0.462
0.262
0.575
0.459
0.528
0.501
0.439
0.697
0.459
0.479
0.477
0.576
0.581
0.287
0.481
0.479
0.735
0.356
0.621
0.498
0.693
0.541
0.564
0.583
0.433
0.411
0.659
0.536
0.334
0.516
0.594
0.668
0.659
0.521
0.510
0.390
0.619
0.548
0.469
0.358
0.409
0.523
0.951
0.607
0.261
0.558
0.586
0.455
0.347
0.634
0.664
0.570
0.566
0.343
0.125
0.485
0.433
0.796
0.620
0.644
0.360
0.542
0.738
0.413
0.425
0.608
0.611
0.567
0.295
0.198
0.678
0.635
0.489
0.566
0.543
0.554
0.443
0.298
0.340
0.618
0.742
0.663
0.379
0.554
0.609
0.390
0.572
0.332
0.530
0.677
0.296
0.427
0.457
0.392
0.610
0.814
0.624
0.522
0.485
0.357
0.483
0.505
0.776
0.619
0.438
0.393
0.460
0.445
0.572
0.417
0.387
0.849
0.653
0.537
0.459
0.171
0.469
0.838
0.498
0.721
0.577
0.538
0.330
0.161
0.525
0.399
0.574
0.354
0.638
0.433
0.373
0.654
0.527
0.561
0.766
0.668
0.420
0.380
0.675
0.323
0.617
0.489
0.473
0.579
0.342
0.433
0.549
0.445
0.578
0.653
0.509
0.547
0.534
0.592
0.577
0.265
0.808
0.477
0.393
0.428
0.639
0.447
0.892
0.596
0.421
0.480
0.570
0.692
0.591
0.438
0.743
0.562
0.482
0.584
0.724
0.444
0.562
0.654
0.568
0.539
0.476
0.692
0.518
0.460
0.534
0.693
0.189
0.647
0.501
0.415
0.570
0.721
0.503
0.168
0.495
0.687
0.349
0.311
0.509
0.546
0.683
0.446
0.539
0.590
0.617
0.408
0.507
0.360
0.386
0.556
0.491
0.631
0.486
0.579
0.597
0.524
0.391
0.464
0.396
0.565
0.483
0.663
0.715
0.354
0.451
0.583
0.536
0.828
0.554
0.296
0.405
0.659
0.374
0.465
0.433
0.409
0.641
0.473
0.552
0.683
0.043
0.458
0.445
0.624
0.594
0.552
0.381
0.479
0.591
0.269
0.439
0.520
0.858
0.707
0.516
0.192
0.681
0.573
0.529
0.516
0.296
0.401
0.575
0.583
0.441
0.375
0.604
0.421
0.457
0.642
0.629
0.645
0.295
0.573
0.450
0.424
0.344
0.471
0.531
0.286
0.667
0.663
0.617
0.705
0.458
0.613
0.596
0.327
0.499
0.091
0.582
0.619
0.448
0.541
0.644
0.487
0.453
0.584
0.371
0.529
0.468
0.756
0.819
0.563
0.630
0.413
0.492
0.736
0.385
0.801
0.432
0.585
0.495
0.393
0.762
0.239
0.604
0.602
0.784
0.528
0.605
0.559
0.521
0.564
0.324
0.873
0.512
0.780
0.671
0.735
0.669
0.805
0.365
0.485
0.427
0.591
0.297
0.593
0.483
0.465
0.497
0.339
0.385
0.420
0.518
0.483
0.409
0.583
0.455
0.283
0.460
0.523
0.604
0.588
0.641
0.535
0.500
0.634
0.570
0.505
0.533
0.672
0.547
0.672
0.402
0.471
0.207
0.253
0.533
0.709
0.418
0.415
0.645
0.696
0.970
0.497
0.388
0.452
0.555
0.494
0.427
0.592
0.465
0.428
0.796
0.593
0.647
0.448
0.465
0.533
0.328
0.483
0.495
0.462
0.450
0.388
0.399
0.598
0.498
0.696
0.579
0.509
0.650
0.348
0.397
0.398
0.556
0.580
0.493
0.363
0.344
0.658
0.475
0.406
0.455
0.757
0.472
0.564
0.643
0.480
0.429
0.540
0.565
0.720
0.639
0.358
0.613
0.437
0.511
0.401
0.561
0.499
0.437
0.513
0.456
0.523
0.634
0.650
0.345
0.491
0.517
0.678
0.763
0.587
0.470
0.514
0.510
0.585
0.582
0.480
0.570
0.554
0.310
0.522
0.340
0.482
0.697
0.744
0.722
0.560
0.495
0.611
0.582
0.388
0.472
0.527
0.597
0.472
0.459
0.883
0.373
0.684
0.288
0.766
0.512
0.527
0.679
0.480
0.463
0.780
0.597
0.375
0.595
0.629
0.665
0.430
0.355
0.598
0.486
0.383
0.432
0.498
0.630
0.551
0.819
0.272
0.253
0.413
0.235
0.537
0.685
0.605
0.594
0.676
0.490
0.426
0.487
0.376
0.465
0.488
0.603
0.306
0.401
0.572
0.582
0.601
0.558
0.434
0.386
0.510
0.641
0.325
0.659
0.607
0.512
0.583
0.569
0.541
0.617
0.533
0.710
0.848
0.285
0.526
0.617
0.384
0.765
0.625
0.419
0.745
0.568
0.778
0.671
0.526
0.616
0.681
0.641
0.389
0.561
0.413
0.263
0.580
0.521
0.489
0.191
0.618
0.456
0.381
0.571
0.548
0.573
0.745
0.755
0.594
0.581
0.679
0.352
0.421
0.235
0.591
0.646
0.512
0.496
0.517
0.635
0.342
0.539
0.468
0.271
0.521
0.412
0.452
0.511
0.270
0.525
0.522
0.337
0.778
0.541
0.594
0.475
0.420
0.238
0.332
0.570
0.541
0.269
0.529
0.672
0.273
0.462
0.553
0.525
0.477
0.899
0.524
0.547
0.359
0.599
0.540
0.703
0.512
0.512
0.504
0.665
0.664
0.524
0.601
0.624
0.590
0.428
0.624
0.291
0.615
0.779
0.473
0.633
0.616
0.541
0.882
0.555
0.535
0.419
0.430
0.517
0.627
0.562
0.522
0.373
0.701
0.471
0.715
0.623
0.514
0.658
0.557
0.344
0.613
0.497
0.718
0.739
0.592
0.359
0.320
0.759
0.591
0.399
0.527
0.424
0.389
0.399
0.347
0.596
0.439
0.581
0.553
0.563
0.483
0.714
0.525
0.478
0.596
0.352
0.426
0.379
0.586
0.662
0.617
0.439
0.702
0.593
0.756
0.593
0.689
0.155
0.563
0.689
0.715
0.657
0.521
0.632
0.476
0.879
0.263
0.354
0.425
0.540
0.692
0.389
0.273
0.530
0.485
0.534
0.536
0.346
0.202
0.944
0.463
0.608
0.377
0.411
0.483
0.425
0.404
0.538
0.656
0.570
0.475
0.580
0.396
0.245
0.470
0.543
0.509
0.424
0.519
0.459
0.722
0.411
0.609
0.359
0.706
0.497
0.575
0.586
0.430
0.568
0.638
0.598
0.365
0.423
0.460
0.685
0.578
0.513
0.444
0.454
0.739
0.760
0.724
0.410
0.502
0.635
0.544
0.488
0.595
0.341
0.564
0.487
0.372
0.496
0.581
0.716
0.371
0.448
0.551
0.364
0.383
0.901
0.740
0.558
0.509
0.685
0.444
0.673
0.592
0.630
0.665
0.527
0.442
0.569
0.374
0.378
0.574
0.326
0.435
0.552
0.758
0.516
0.462
0.357
0.383
0.257
0.618
0.452
0.436
0.584
0.537
0.620
0.315
0.495
0.424
0.212
0.655
0.548
0.686
0.584
0.702
0.550
0.489
0.738
0.616
0.619
0.689
0.396
0.595
0.503
0.682
0.584
0.776
0.426
0.519
0.597
0.373
0.669
0.467
0.719
0.504
0.812
0.520
0.375
0.530
0.650
0.708
0.626
0.428
0.694
0.433
0.559
0.566
0.488
0.645
0.336
0.414
0.517
0.582
0.450
0.768
0.628
0.264
0.567
0.349
0.520
0.455
0.442
0.503
0.541
0.362
0.556
0.700
0.308
0.448
0.408
0.689
0.252
0.285
0.149
0.574
0.567
0.469
0.337
0.679
0.567
0.791
0.467
0.478
0.399
0.628
0.317
0.281
0.529
0.399
0.511
0.612
0.449
0.412
0.613
0.495
0.378
0.536
0.470
0.662
0.331
0.526
0.664
0.224
0.583
0.417
0.403
0.452
0.535
0.659
0.569
0.517
0.587
0.450
0.426
0.570
0.462
0.743
0.395
0.422
0.464
0.523
0.525
0.503
0.298
0.433
0.709
0.457
0.750
0.514
0.673
0.391
0.694
0.451
0.388
0.649
0.527
0.312
0.706
0.544
0.385
0.684
0.809
0.416
0.487
0.503
0.496
0.544
0.546
0.510
0.607
0.864
0.655
0.412
0.386
0.479
0.543
0.481
0.479
0.582
0.367
0.372
0.692
0.545
0.531
0.390
0.603
0.531
0.669
0.536
0.587
0.670
0.525
0.385
0.704
0.529
0.717
0.450
0.656
0.574
0.620
0.456
0.511
0.251
0.811
0.544
0.374
0.753
0.704
0.539
0.579
0.412
0.796
0.869
0.365
0.610
0.525
0.374
0.490
0.691
0.676
0.526
0.545
0.642
0.502
0.525
0.443
0.550
0.562
0.401
0.368
0.311
0.423
0.550
0.457
0.472
0.458
0.505
0.582
0.491
0.477
0.604
0.601
0.639
0.535
0.401
0.524
0.650
0.575
0.536
0.602
0.541
0.619
0.582
0.443
0.331
0.243
0.400
0.537
0.671
0.477
0.483
0.379
0.370
0.687
0.465
0.317
0.406
0.729
0.333
0.611
0.604
0.549
0.422
0.773
0.756
0.391
0.223
0.697
0.547
0.404
0.607
0.388
0.509
0.220
0.714
0.664
0.417
0.410
0.506
0.419
0.517
0.404
0.442
0.502
0.357
0.370
0.701
0.305
0.474
0.487
0.504
0.607
0.546
0.577
0.475
0.561
0.533
0.644
0.590
0.386
0.354
0.535
0.414
0.449
0.837
0.590
0.532
0.490
0.592
0.528
0.581
0.420
0.485
0.620
0.721
0.545
0.535
0.518
0.559
0.482
0.252
0.798
0.579
0.502
0.510
0.436
0.487
0.594
0.300
0.597
0.428
0.445
0.249
0.442
0.645
0.626
0.570
0.549
0.498
0.874
0.572
0.306
0.624
0.540
0.368
0.349
0.304
0.523
0.648
0.536
0.530
0.419
0.489
0.682
0.502
0.471
0.568
0.945
0.519
0.442
0.519
0.761
0.354
0.637
0.548
0.306
0.693
0.388
0.470
0.648
0.490
0.720
0.550
0.554
0.446
0.622
0.315
0.534
0.588
0.824
0.477
0.633
0.702
0.492
0.519
0.429
0.586
0.638
0.567
0.488
0.705
0.651
0.595
0.565
0.352
0.526
0.409
0.544
0.433
0.602
0.599
0.386
0.499
0.484
0.397
0.825
0.456
0.636
0.470
0.661
0.568
0.657
0.475
0.553
0.578
0.454
0.399
0.526
0.377
0.519
0.486
0.797
0.442
0.770
0.648
0.345
0.538
0.470
0.679
0.554
0.624
0.488
0.537
0.544
0.515
0.152
0.598
0.539
0.618
0.423
0.473
0.633
0.439
0.516
0.591
0.212
0.540
0.597
0.469
0.598
0.412
0.648
0.325
0.573
0.599
0.800
0.442
0.524
0.491
0.530
0.309
0.609
0.571
0.478
0.450
0.479
0.616
0.391
0.597
0.659
0.457
0.537
0.627
0.447
0.495
0.705
0.565
0.582
0.623
0.577
0.290
0.707
0.515
0.443
0.409
0.650
0.713
0.585
0.568
0.578
0.540
0.561
0.374
0.466
0.469
0.490
0.328
0.531
0.549
0.411
0.462
0.467
0.546
0.621
0.751
0.361
0.646
0.707
0.270
0.318
0.720
0.716
0.397
0.505
0.646
0.478
0.543
0.530
0.338
0.593
0.511
0.454
0.549
0.460
0.507
0.466
0.455
0.537
0.613
0.358
0.353
0.602
0.372
0.408
0.592
0.435
0.336
0.559
0.922
0.384
0.502
0.558
0.678
0.808
0.620
0.503
0.646
0.672
0.388
0.329
0.588
0.628
0.522
0.719
0.574
0.257
0.514
0.490
0.363
0.689
0.777
0.561
0.362
0.489
0.484
0.686
0.444
0.306
0.498
0.652
0.584
0.361
0.706
0.674
0.549
0.613
0.454
0.658
0.501
0.478
0.399
0.520
0.501
0.546
0.549
0.336
0.416
0.565
0.519
0.514
0.417
0.637
0.615
0.594
0.779
0.562
0.552
0.597
0.526
0.680
0.668
0.789
0.570
0.645
0.588
0.589
0.510
0.437
0.367
0.533
0.610
0.658
0.813
0.775
0.382
0.668
0.636
0.601
0.368
0.495
0.331
0.686
0.791
0.640
0.287
0.792
0.493
0.493
0.349
0.392
0.509
0.336
0.387
0.265
0.434
0.541
0.565
0.668
0.732
0.458
0.358
0.670
0.558
0.441
0.543
0.201
0.620
0.702
0.327
0.618
0.486
0.316
0.340
0.531
0.399
0.602
0.719
0.458
0.413
0.584
0.423
0.424
0.370
0.626
0.599
0.663
0.521
0.524
0.694
0.509
0.554
0.584
0.662
0.761
0.692
0.573
0.592
0.305
0.548
0.651
0.465
0.530
0.548
0.455
0.579
0.693
0.537
0.233
0.589
0.551
0.562
0.391
0.265
0.534
0.433
0.469
0.393
0.420
0.325
0.441
0.488
0.485
0.772
0.282
0.559
0.352
0.739
0.601
0.369
0.457
0.549
0.242
0.437
0.822
0.490
0.492
0.541
0.621
0.454
0.472
0.592
0.382
0.397
0.658
0.739
0.568
0.459
0.509
0.509
0.584
0.408
0.525
0.428
0.480
0.385
0.564
0.502
0.535
0.468
0.519
0.459
0.551
0.568
0.158
0.289
0.428
0.473
0.579
0.553
0.543
0.639
0.501
0.783
0.368
0.283
0.497
0.463
0.754
0.718
0.365
0.285
0.441
0.606
0.520
0.274
0.640
0.688
0.531
0.854
0.445
0.445
0.439
0.540
0.489
0.336
0.615
0.497
0.679
0.557
0.450
0.507
0.429
0.248
0.637
0.638
0.532
0.568
0.453
0.792
0.524
0.693
0.375
0.388
0.740
0.501
0.712
0.416
0.584
0.405
0.387
0.599
0.596
0.711
0.637
0.517
0.455
0.588
0.566
0.839
0.519
0.752
0.469
0.527
0.428
0.590
0.601
0.433
0.307
0.468
0.653
0.329
0.567
0.660
0.592
0.500
0.672
0.474
0.318
0.738
0.681
0.506
0.668
0.539
0.450
0.223
0.595
0.489
0.624
0.547
0.430
0.616
0.658
0.512
0.421
0.744
0.610
0.569
0.457
0.444
0.567
0.414
0.463
0.378
0.563
0.539
0.305
0.456
0.614
0.620
0.444
0.417
0.509
0.279
0.597
0.679
0.656
0.314
0.295
0.514
0.496
0.444
0.620
0.489
0.554
0.542
0.678
0.627
0.762
0.378
0.527
0.283
0.521
0.630
0.641
0.492
0.554
0.418
0.416
0.530
0.633
0.541
0.486
0.594
0.515
0.490
0.583
0.551
0.275
0.342
0.552
0.658
0.524
0.412
0.468
0.349
0.473
0.260
0.404
0.400
0.580
0.422
0.390
0.629
0.327
0.576
0.572
0.537
0.509
0.384
0.544
0.487
0.376
0.537
0.651
0.477
0.359
0.431
0.554
0.518
0.613
0.501
0.502
0.326
0.581
0.690
0.492
0.537
0.729
0.499
0.386
0.628
0.478
0.531
0.561
0.655
0.663
0.440
0.868
0.609
0.655
0.586
0.584
0.535
0.313
0.315
0.310
0.552
0.449
0.671
0.355
0.461
0.392
0.386
0.519
0.557
0.490
0.442
0.713
0.431
0.483
0.589
0.366
0.362
0.637
0.288
0.625
0.623
0.318
0.382
0.386
0.627
0.576
0.432
0.465
0.668
0.371
0.576
0.319
0.606
0.519
0.628
0.446
0.704
0.578
0.217
0.255
0.672
0.520
0.661
0.516
0.416
0.464
0.719
0.650
0.621
0.681
0.360
0.707
0.505
0.496
0.622
0.427
0.542
0.647
0.628
0.386
0.492
0.664
0.568
0.481
0.340
0.391
0.550
0.699
0.465
0.387
0.383
0.876
0.432
0.493
0.626
0.381
0.529
0.609
0.502
0.701
0.555
0.472
0.519
0.320
0.532
0.550
0.337
0.606
0.664
0.444
0.316
0.549
0.515
0.408
0.800
0.591
0.319
0.424
0.704
0.508
0.719
0.582
0.484
0.578
0.512
0.748
0.569
0.437
0.577
0.427
0.310
0.513
0.642
0.426
0.497
0.642
0.534
0.609
0.546
0.627
0.416
0.376
0.374
0.406
0.504
0.728
0.324
0.571
0.407
0.520
0.668
0.451
0.629
0.598
0.736
0.702
0.428
0.465
0.774
0.600
0.475
0.511
0.699
0.503
0.763
0.267
0.380
0.682
0.304
0.876
0.480
0.562
0.552
0.529
0.609
0.532
0.515
0.391
0.421
0.609
0.309
0.609
0.278
0.414
0.641
0.695
0.274
0.604
0.271
0.313
0.542
0.495
0.415
0.609
0.497
0.655
0.423
0.726
0.497
0.431
0.483
0.470
0.612
0.597
0.433
0.613
0.579
0.588
0.737
0.543
0.440
0.693
0.211
0.366
0.631
0.464
0.582
0.744
0.910
0.599
0.591
0.528
0.591
0.474
0.496
0.526
0.604
0.499
0.672
0.564
0.526
0.448
0.353
0.634
0.621
0.522
0.623
0.591
0.514
0.521
0.625
0.351
0.401
0.598
0.458
0.594
0.571
0.638
0.474
0.466
0.596
0.509
0.386
0.499
0.581
0.371
0.697
0.413
0.270
0.643
0.646
0.445
0.535
0.490
0.597
0.644
0.892
0.514
0.561
0.701
0.532
0.438
0.723
0.694
0.441
0.792
0.502
0.329
0.591
0.616
0.431
0.747
0.434
0.500
0.614
0.498
0.318
0.381
0.577
0.801
0.811
0.672
0.581
0.487
0.586
0.504
0.633
0.466
0.471
0.441
0.459
0.550
0.311
0.523
0.371
0.415
0.506
0.553
0.463
0.588
0.509
0.576
0.611
0.313
0.481
0.429
0.263
0.453
0.507
0.479
0.496
0.607
0.732
0.499
0.630
0.715
0.339
0.485
0.633
0.335
0.568
0.621
0.611
0.781
0.560
0.631
0.431
0.618
0.723
0.573
0.536
0.795
0.423
0.561
0.376
0.528
0.478
0.445
0.693
0.514
0.468
0.593
0.499
0.565
0.376
0.445
0.524
0.403
0.286
0.658
0.521
0.562
0.586
0.567
0.506
0.432
0.650
0.345
0.637
0.518
0.637
0.367
0.461
0.436
0.572
0.630
0.478
0.420
0.618
0.677
0.518
0.695
0.504
0.413
0.720
0.588
0.452
0.431
0.623
0.407
0.499
0.555
0.388
0.339
0.357
0.613
0.628
0.612
0.393
0.456
0.358
0.518
0.538
0.404
0.743
0.516
0.608
0.445
0.647
0.551
0.368
0.443
0.620
0.452
0.503
0.487
0.731
0.455
0.638
0.857
0.725
0.435
0.483
0.432
0.626
0.600
0.632
0.248
0.476
0.545
0.550
0.458
0.343
0.474
0.650
0.535
0.437
0.428
0.715
0.665
0.338
0.471
0.407
0.312
0.629
0.578
0.680
0.509
0.262
0.454
0.390
0.718
0.485
0.550
0.434
0.612
0.686
0.189
0.226
0.490
0.545
0.482
0.657
0.656
0.471
0.672
0.641
0.742
0.386
0.461
0.486
0.654
0.697
0.415
0.531
0.538
0.643
0.548
0.633
0.589
0.436
0.450
0.685
0.699
0.560
0.807
0.556
0.424
0.574
0.511
0.673
0.545
0.529
0.444
0.522
0.624
0.678
0.618
0.479
0.721
0.749
0.363
0.730
0.423
0.280
0.378
0.464
0.368
0.552
0.497
0.572
0.472
0.478
0.337
0.503
0.495
0.523
0.346
0.562
0.303
0.626
0.511
0.659
0.361
0.570
0.513
0.460
0.458
0.448
0.428
0.521
0.587
0.556
0.273
0.440
0.493
0.605
0.498
0.617
0.403
0.260
0.508
0.697
0.562
0.450
0.639
0.380
0.474
0.436
0.722
0.388
0.434
0.757
0.514
0.485
0.543
0.613
0.885
0.546
0.370
0.431
0.757
0.601
0.686
0.515
0.603
0.746
0.540
0.579
0.524
0.651
0.419
0.685
0.452
0.674
0.505
0.378
0.590
0.640
0.442
0.738
0.568
0.574
0.294
0.571
0.559
0.351
0.326
0.749
0.460
0.489
0.569
0.352
0.543
0.450
0.590
0.553
0.518
0.581
0.281
0.354
0.659
0.594
0.651
0.420
0.402
0.730
0.516
0.771
0.610
0.567
0.381
0.527
0.478
0.683
0.311
0.704
0.522
0.621
0.521
0.520
0.529
0.493
0.716
0.323
0.547
0.490
0.439
0.348
0.502
0.609
0.210
0.622
0.443
0.569
0.412
0.617
0.731
0.654
0.576
0.470
0.503
0.353
0.552
0.592
0.386
0.485
0.409
0.489
0.493
0.462
0.537
0.482
0.803
0.545
0.596
0.702
0.544
0.542
0.645
0.910
0.600
0.622
0.452
0.366
0.356
0.692
0.514
0.683
0.141
0.670
0.623
0.477
0.459
0.473
0.718
0.592
0.545
0.559
0.412
0.643
0.449
0.504
0.537
0.617
0.700
0.611
0.546
0.736
0.616
0.701
0.446
0.359
0.597
0.425
0.450
0.616
0.468
0.631
0.498
0.517
0.661
0.454
0.460
0.362
0.694
0.416
0.451
0.517
0.459
0.687
0.338
0.625
0.720
0.571
0.572
0.769
0.449
0.534
0.548
0.461
0.386
0.334
0.651
0.675
0.591
0.575
0.527
0.376
0.492
0.656
0.668
0.436
0.492
0.205
0.452
0.497
0.490
0.676
0.736
0.526
0.495
0.603
0.616
0.679
0.432
0.470
0.474
0.462
0.515
0.455
0.645
0.304
0.546
0.596
0.520
0.495
0.542
0.632
0.426
0.385
0.560
0.609
0.558
0.583
0.542
0.545
0.444
0.627
0.461
0.557
0.572
0.477
0.740
0.654
0.503
0.390
0.625
0.579
0.545
0.381
0.478
0.486
0.372
0.389
0.440
0.436
0.532
0.620
0.667
0.617
0.454
0.551
0.461
0.479
0.682
0.453
0.647
0.428
0.532
0.263
0.461
0.772
0.697
0.679
0.613
0.420
0.604
0.615
0.629
0.722
0.594
0.589
0.502
0.693
0.344
0.648
0.615
0.440
0.410
0.500
0.444
0.561
0.558
0.517
0.604
0.429
0.702
0.278
0.741
0.191
0.749
0.481
0.654
0.495
0.757
0.633
0.507
0.451
0.602
0.484
0.660
0.457
0.431
0.611
0.644
0.646
0.494
0.540
0.414
0.377
0.498
0.633
0.484
0.444
0.503
0.508
0.536
0.451
0.579
0.293
0.576
0.637
0.579
0.381
0.760
0.493
0.363
0.661
0.584
0.458
0.384
0.418
0.623
0.403
0.537
0.423
0.299
0.784
0.549
0.394
0.496
0.839
0.499
0.393
0.743
0.673
0.532
0.450
0.520
0.388
0.494
0.390
0.503
0.491
0.431
0.534
0.600
0.407
0.565
0.482
0.607
0.569
0.757
0.690
0.505
0.421
0.115
0.670
0.595
0.646
0.487
0.459
0.373
0.400
0.661
0.627
0.434
0.507
0.526
0.486
0.636
0.500
0.375
0.598
0.732
0.612
0.584
0.248
0.268
0.560
0.523
0.594
0.389
0.574
0.336
0.301
0.491
0.644
0.619
0.677
0.616
0.441
0.402
0.577
0.437
0.385
0.568
0.512
0.491
0.625
0.289
0.565
0.569
0.321
0.644
0.652
0.625
0.681
0.429
0.645
0.595
0.608
0.517
0.605
0.240
0.384
0.598
0.700
0.309
0.516
0.552
0.478
0.727
0.411
0.279
0.642
0.745
0.440
0.565
0.670
0.742
0.553
0.561
0.372
0.788
0.371
0.462
0.569
0.646
0.585
0.523
0.650
0.347
0.621
0.513
0.388
0.505
0.484
0.510
0.569
0.665
0.560
0.502
0.357
0.468
0.505
0.594
0.111
0.412
0.480
0.543
0.302
0.645
0.643
0.409
0.549
0.536
0.560
0.488
0.561
0.519
0.476
0.515
0.395
0.536
0.519
0.546
0.371
0.757
0.496
0.529
0.452
0.334
0.415
0.624
0.478
0.411
0.774
0.477
0.675
0.714
0.768
0.464
0.524
0.611
0.464
0.392
0.392
0.409
0.666
0.679
0.495
0.494
0.426
0.546
0.649
0.442
0.930
0.514
0.661
0.259
0.515
0.714
0.503
0.419
0.421
0.477
0.558
0.333
0.592
0.564
0.474
0.466
0.662
0.464
0.602
0.750
0.134
0.427
0.687
0.302
0.508
0.711
0.513
0.324
0.406
0.532
0.695
0.218
0.570
0.524
0.456
0.590
0.509
0.494
0.482
0.306
0.672
0.451
0.739
0.552
0.787
0.491
0.623
0.368
0.408
0.377
0.547
0.378
0.896
0.694
0.487
0.436
0.296
0.783
0.469
0.494
0.581
0.216
0.616
0.602
0.585
0.393
0.811
0.625
0.313
0.742
0.692
0.468
0.568
0.478
0.456
0.516
0.837
0.354
0.526
0.556
0.244
0.486
0.404
0.553
0.413
0.634
0.620
0.850
0.573
0.380
0.695
0.430
0.395
0.474
0.470
0.581
0.751
0.380
0.273
0.961
0.481
0.637
0.760
0.525
0.571
0.421
0.382
0.494
0.572
0.610
0.523
0.596
0.436
0.330
0.466
0.744
0.458
0.556
0.475
0.414
0.509
0.814
0.307
0.591
0.734
0.705
0.558
0.548
0.338
0.519
0.088
0.578
0.400
0.540
0.564
0.587
0.459
0.534
0.282
0.333
0.673
0.340
0.520
0.486
0.680
0.728
0.619
0.557
0.632
0.529
0.560
0.595
0.284
0.388
0.713
0.409
0.603
0.762
0.416
0.599
0.488
0.492
0.625
0.462
0.462
0.560
0.547
0.748
0.608
0.710
0.623
0.630
0.440
0.453
0.455
0.660
0.640
0.649
0.371
0.616
0.513
0.729
0.655
0.478
0.515
0.662
0.411
0.457
0.499
0.608
0.649
0.814
0.690
0.340
0.628
0.565
0.478
0.461
0.343
0.572
0.588
0.930
0.543
0.608
0.609
0.520
0.500
0.342
0.554
0.482
0.704
0.386
0.488
0.819
0.587
0.527
0.500
0.418
0.531
0.507
0.500
0.562
0.619
0.874
0.818
0.278
0.715
0.582
0.589
0.624
0.415
0.396
0.420
0.395
0.483
0.469
0.388
0.533
0.628
0.673
0.716
0.370
0.546
0.620
0.565
0.479
0.651
0.475
0.665
0.486
0.565
0.548
0.420
0.350
0.681
0.580
0.585
0.361
0.649
0.537
0.553
0.584
0.182
0.441
0.473
0.568
0.566
0.506
0.276
0.392
0.440
0.432
0.515
0.451
0.407
0.603
0.318
0.715
0.430
0.440
0.676
0.478
0.300
0.594
0.688
0.490
0.382
0.429
0.696
0.614
0.431
0.535
0.374
0.521
0.367
0.273
0.485
0.419
0.780
0.809
0.369
0.499
0.646
0.643
0.383
0.326
0.262
0.709
0.733
0.514
0.467
0.433
0.371
0.809
0.318
0.355
0.445
0.552
0.342
0.407
0.334
0.757
0.734
0.710
0.477
0.611
0.430
0.632
0.569
0.628
0.422
0.482
0.553
0.474
0.239
0.564
0.369
0.439
0.332
0.516
0.553
0.513
0.764
0.699
0.526
0.522
0.641
0.633
0.605
0.754
0.618
0.718
0.471
0.841
0.526
0.638
0.310
0.344
0.544
0.787
0.665
0.503
0.542
0.468
0.303
0.678
0.740
0.334
0.458
0.245
0.446
0.593
0.462
0.533
0.362
0.495
0.640
0.434
0.502
0.496
0.394
0.388
0.712
0.454
0.649
0.487
0.725
0.624
0.485
0.189
0.577
0.607
0.526
0.610
0.518
0.434
0.636
0.501
0.441
0.382
0.385
0.489
0.414
0.510
0.427
0.828
0.730
0.414
0.570
0.253
0.584
0.455
0.523
0.616
0.373
0.398
0.439
0.523
0.575
0.574
0.502
0.776
0.410
0.617
0.459
0.473
0.403
0.386
0.242
0.587
0.581
0.752
0.397
0.669
0.671
0.659
0.466
0.608
0.445
0.516
0.491
0.510
0.687
0.508
0.750
0.382
0.411
0.433
0.713
0.439
0.322
0.521
0.527
0.382
0.555
0.100
0.713
0.511
0.636
0.396
0.639
0.843
0.363
0.617
0.582
0.468
0.473
0.433
0.497
0.761
0.478
0.561
0.534
0.358
0.532
0.793
0.498
0.607
0.611
0.525
0.649
0.392
0.499
0.432
0.209
0.360
0.453
0.490
0.552
0.504
0.696
0.674
0.508
0.582
0.580
0.376
0.477
0.487
0.756
0.562
0.407
0.728
0.525
0.523
0.355
0.343
0.524
0.787
0.592
0.414
0.333
0.550
0.542
0.879
0.291
0.532
0.340
0.341
0.709
0.230
0.324
0.495
0.654
0.469
0.427
0.495
0.477
0.469
0.381
0.569
0.462
0.786
0.492
0.276
0.586
0.700
0.473
0.555
0.731
0.444
0.364
0.534
0.614
0.814
0.450
0.605
0.296
0.701
0.605
0.761
0.492
0.346
0.413
0.565
0.487
0.630
0.648
0.119
0.440
0.466
0.302
0.387
0.533
0.666
0.427
0.226
0.774
0.557
0.476
0.477
0.661
0.611
0.546
0.726
0.610
0.639
0.504
0.477
0.496
0.656
0.719
0.507
0.702
0.539
0.558
0.419
0.279
0.571
0.537
0.429
0.470
0.445
0.712
0.689
0.535
0.665
0.613
0.632
0.748
0.374
0.470
0.578
0.505
0.702
0.410
0.584
0.381
0.699
0.677
0.264
0.525
0.615
0.502
0.686
0.491
0.612
0.630
0.489
0.469
0.786
0.683
0.447
0.564
0.664
0.392
0.555
0.514
0.686
0.623
0.407
0.316
0.573
0.593
0.614
0.590
0.560
0.563
0.364
0.610
0.638
0.586
0.393
0.785
0.681
0.357
0.578
0.604
0.712
0.535
0.461
0.606
0.504
0.647
0.564
0.636
0.534
0.513
0.507
0.699
0.588
0.369
0.588
0.302
0.377
0.560
0.723
0.543
0.427
0.504
0.321
0.269
0.325
0.511
0.606
0.596
0.391
0.513
0.767
0.438
0.420
0.582
0.537
0.632
0.427
0.595
0.648
0.637
0.572
0.753
0.841
0.513
0.779
0.567
0.618
0.399
0.558
0.356
0.448
0.670
0.302
0.539
0.615
0.383
0.424
0.568
0.727
0.708
0.379
0.584
0.589
0.657
0.621
0.611
0.462
0.456
0.544
0.383
0.534
0.407
0.659
0.577
0.533
0.802
0.453
0.558
0.333
0.581
0.586
0.434
0.421
0.509
0.742
0.677
0.480
0.666
0.487
0.636
0.490
0.530
0.334
0.699
0.680
0.564
0.748
0.398
0.769
0.401
0.529
0.418
0.400
0.591
0.623
0.479
0.460
0.748
0.585
0.464
0.377
0.374
0.510
0.243
0.512
0.348
0.505
0.365
0.704
0.553
0.552
0.445
0.486
0.467
0.165
0.410
0.732
0.575
0.315
0.562
0.579
0.443
0.654
0.414
0.306
0.580
0.499
0.850
0.653
0.490
0.568
0.571
0.529
0.535
0.552
0.626
0.478
0.489
0.531
0.489
0.679
0.538
0.478
0.613
0.526
0.397
0.223
0.479
0.670
0.733
0.601
0.423
0.392
0.851
0.450
0.401
0.747
0.452
0.385
0.649
0.606
0.272
0.529
0.497
0.487
0.381
0.539
0.483
0.649
0.515
0.650
0.411
0.299
0.649
0.548
0.482
0.594
0.616
0.542
0.497
0.545
0.404
0.414
0.576
0.522
0.231
0.553
0.615
0.375
0.485
0.534
0.620
0.385
0.670
0.512
0.767
0.760
0.572
0.628
0.670
0.461
0.591
0.543
0.359
0.693
0.550
0.567
0.404
0.605
0.734
0.692
0.446
0.357
0.585
0.630
0.394
0.500
0.694
0.668
0.311
0.288
0.595
0.452
0.451
0.425
0.397
0.675
0.263
0.464
0.529
0.427
0.363
0.481
0.753
0.787
0.384
0.550
0.506
0.542
0.728
0.561
0.508
0.714
0.655
0.510
0.633
0.549
0.796
0.720
0.115
0.322
0.666
0.520
0.605
0.635
0.553
0.655
0.514
0.650
0.422
0.450
0.421
0.376
0.503
0.418
0.255
0.726
0.701
0.435
0.619
0.662
0.551
0.539
0.702
0.592
0.596
0.622
0.304
0.441
0.600
0.425
0.405
0.315
0.547
0.606
0.516
0.775
0.384
0.447
0.646
0.608
0.621
0.489
0.681
0.593
0.382
0.357
0.711
0.798
0.693
0.569
0.621
0.610
0.550
0.437
0.480
0.367
0.688
0.611
0.262
0.685
0.778
0.613
0.466
0.558
0.517
0.522
0.614
0.504
0.519
0.482
0.558
0.486
0.587
0.751
0.504
0.844
0.590
0.655
0.577
0.589
0.583
0.326
0.619
0.653
0.517
0.189
0.815
0.610
0.574
0.575
0.412
0.451
0.638
0.471
0.295
0.641
0.513
0.468
0.616
0.494
0.418
0.786
0.484
0.592
0.580
0.322
0.583
0.285
0.555
0.624
0.744
0.558
0.277
0.646
0.483
0.528
0.439
0.571
0.531
0.514
0.216
0.515
0.582
0.808
0.514
0.427
0.388
0.474
0.479
0.271
0.475
0.529
0.691
0.279
0.502
0.394
0.564
0.689
0.512
0.392
0.352
0.549
0.494
0.426
0.779
0.611
0.492
0.604
0.528
0.579
0.299
0.435
0.472
0.208
0.423
0.504
0.767
0.512
0.479
0.501
0.491
0.429
0.570
0.554
0.620
0.556
0.750
0.398
0.644
0.539
0.488
0.622
0.616
0.328
0.593
0.477
0.754
0.609
0.606
0.250
0.352
0.503
0.594
0.559
0.413
0.370
0.597
0.526
0.822
0.545
0.444
0.631
0.473
0.431
0.523
0.395
0.804
0.408
0.335
0.620
0.509
0.448
0.752
0.715
0.294
0.488
0.571
0.645
0.551
0.699
0.465
0.470
0.305
0.605
0.315
0.385
0.529
0.463
0.240
0.390
0.497
0.602
0.667
0.478
0.224
0.062
0.645
0.467
0.377
0.534
0.555
0.558
0.738
0.380
0.331
0.553
0.281
0.154
0.604
0.191
0.403
0.535
0.314
0.616
0.478
0.793
0.532
0.562
0.483
0.521
0.609
0.550
0.526
0.329
0.736
0.579
0.400
0.521
0.458
0.568
0.616
0.557
0.412
0.548
0.583
0.554
0.616
0.874
0.362
0.561
0.446
0.424
0.527
0.456
0.455
0.571
0.748
0.665
0.694
0.219
0.615
0.497
0.446
0.495
0.578
0.445
0.557
0.553
0.514
0.633
0.599
0.423
0.528
0.231
0.552
0.486
0.516
0.628
0.693
0.410
0.631
0.569
0.540
0.501
0.585
0.484
0.610
0.440
0.809
0.520
0.669
0.522
0.447
0.629
0.792
0.362
0.537
0.545
0.556
0.531
0.502
0.720
0.662
0.526
0.252
0.716
0.417
0.685
0.473
0.537
0.328
0.420
0.427
0.425
0.498
0.492
0.512
0.630
0.656
0.436
0.603
0.659
0.246
0.531
0.909
0.417
0.603
0.392
0.511
0.564
0.487
0.265
0.365
0.122
0.566
0.588
0.458
0.597
0.538
0.794
0.748
0.603
0.356
0.518
0.650
0.482
0.422
0.450
0.673
0.473
0.359
0.464
0.392
0.682
0.661
0.215
0.693
0.596
0.434
0.207
0.286
0.751
0.556
0.660
0.606
0.584
0.471
0.624
0.642
0.532
0.485
0.291
0.530
0.774
0.491
0.575
0.659
0.442
0.509
0.440
0.607
0.541
0.413
0.504
0.677
0.466
0.711
0.588
0.608
0.463
0.507
0.460
0.748
0.506
0.515
0.641
0.606
0.499
0.390
0.578
0.657
0.702
0.589
0.588
0.573
0.384
0.369
0.594
0.467
0.640
0.734
0.433
0.599
0.589
0.523
0.512
0.359
0.460
0.417
0.530
0.342
0.579
0.734
0.715
0.614
0.494
0.693
0.499
0.447
0.488
0.331
0.597
0.479
0.649
0.426
0.484
0.063
0.646
0.545
0.475
0.512
0.558
0.663
0.591
0.443
0.465
0.420
0.441
0.556
0.418
0.515
0.643
0.521
0.398
0.316
0.401
0.388
0.638
0.421
0.423
0.517
0.744
0.581
0.755
0.621
0.659
0.470
0.668
0.527
0.605
0.298
0.483
0.675
0.674
0.511
0.639
0.628
0.466
0.744
0.527
0.425
0.343
0.330
0.506
0.265
0.298
0.411
0.471
0.509
0.632
0.624
0.582
0.380
0.553
0.484
0.754
0.306
0.631
0.492
0.629
0.444
0.487
0.368
0.713
0.650
0.709
0.440
0.455
0.485
0.333
0.660
0.363
0.240
0.784
0.543
0.303
0.518
0.555
0.476
0.820
0.612
0.689
0.510
0.306
0.535
0.810
0.414
0.690
0.628
0.464
0.541
0.490
0.699
0.321
0.497
0.393
0.481
0.447
0.871
0.305
0.594
0.527
0.568
0.640
0.583
0.540
0.573
0.642
0.535
0.432
0.466
0.667
0.435
0.741
0.515
0.737
0.567
0.559
0.516
0.616
0.350
0.707
0.321
0.505
0.584
0.532
0.430
0.408
0.548
0.462
0.488
0.607
0.535
0.580
0.462
0.593
0.513
0.332
0.472
0.387
0.404
0.606
0.508
0.635
0.357
0.509
0.493
0.420
0.367
0.362
0.310
0.578
0.703
0.566
0.639
0.618
0.534
0.385
0.469
0.386
0.373
0.566
0.831
0.482
0.446
0.727
0.528
